[Camera] ; just sample, wrong intrinsics
width=1350
height=1080
cx=679.054265997005
cy=543.646891684636
a0=-0.18867185058223412
a1=0.0
a2=-0.003927337093919806
a3=0.030524814153620117
a4=-0.012756926010904904
c=0.0
d=0.0
e=0.0

