0.9481,0.31052,-0.068436,0,-0.314613,0.947302,-0.0603197,0,0.046099,0.0787199,0.99583,0,55.2977,39.3949,-109.741,1
0.948083,0.310611,-0.068262,0,-0.314696,0.947265,-0.060464,0,0.0458814,0.0788067,0.995834,0,55.2304,39.4032,-109.457,1
0.948069,0.31062,-0.0684186,0,-0.314714,0.947264,-0.0603893,0,0.0460523,0.0787856,0.995827,0,55.2356,39.4026,-109.098,1
0.948092,0.310548,-0.0684252,0,-0.314641,0.947291,-0.0603454,0,0.0460784,0.0787424,0.99583,0,55.259,39.4239,-108.755,1
0.948086,0.310576,-0.0683826,0,-0.314665,0.947283,-0.0603362,0,0.0460387,0.0787215,0.995833,0,55.2213,39.4078,-108.383,1
0.948085,0.310579,-0.0683778,0,-0.31467,0.947279,-0.0603836,0,0.0460189,0.0787653,0.995831,0,55.204,39.4225,-108.032,1
0.948062,0.310631,-0.0684555,0,-0.314727,0.947261,-0.0603628,0,0.0460947,0.0787725,0.995826,0,55.2137,39.3923,-107.648,1
0.94808,0.310598,-0.0683572,0,-0.314687,0.947274,-0.0603651,0,0.0460037,0.0787421,0.995833,0,55.1948,39.3948,-107.088,1
0.948082,0.310581,-0.0684112,0,-0.314674,0.947277,-0.0603874,0,0.0460492,0.0787794,0.995828,0,55.2016,39.4106,-106.741,1
0.94809,0.310562,-0.0683919,0,-0.314655,0.947282,-0.0604038,0,0.0460273,0.0787881,0.995828,0,55.2129,39.4129,-106.384,1
0.948114,0.310528,-0.0682013,0,-0.31461,0.947291,-0.0604968,0,0.0458205,0.0788147,0.995836,0,55.1696,39.4135,-106.006,1
0.948109,0.310544,-0.068209,0,-0.314627,0.947285,-0.060506,0,0.0458235,0.0788267,0.995835,0,55.1701,39.4306,-105.625,1
0.948086,0.310636,-0.068109,0,-0.314715,0.947251,-0.0605894,0,0.045695,0.0788789,0.995837,0,55.1096,39.4169,-105.228,1
0.948101,0.310584,-0.0681301,0,-0.314664,0.947268,-0.0605794,0,0.0457224,0.0788735,0.995836,0,55.1139,39.4368,-104.799,1
0.94807,0.31067,-0.0681733,0,-0.314751,0.947243,-0.0605234,0,0.0457739,0.0788381,0.995836,0,55.0857,39.4192,-104.354,1
0.948093,0.310635,-0.0680168,0,-0.314709,0.94725,-0.0606337,0,0.0455939,0.0788919,0.99584,0,55.0836,39.4307,-103.941,1
0.948095,0.310598,-0.0681578,0,-0.314678,0.947266,-0.0605439,0,0.0457588,0.0788492,0.995836,0,55.1278,39.4228,-103.473,1
0.948083,0.310646,-0.0681023,0,-0.314723,0.94725,-0.0605566,0,0.0456982,0.0788461,0.995839,0,55.1282,39.4017,-103.014,1
0.9481,0.310631,-0.067931,0,-0.31469,0.947268,-0.0604498,0,0.0455712,0.0786897,0.995857,0,55.1139,39.3879,-102.603,1
0.94811,0.3106,-0.0679403,0,-0.31466,0.947277,-0.0604614,0,0.0455789,0.0787021,0.995856,0,55.1203,39.4056,-102.137,1
0.948122,0.310597,-0.0677803,0,-0.314651,0.947271,-0.0606028,0,0.0453833,0.078786,0.995858,0,55.0535,39.4183,-101.707,1
0.948124,0.31058,-0.0678247,0,-0.314636,0.947278,-0.0605645,0,0.0454387,0.0787628,0.995857,0,55.0626,39.4086,-101.234,1
0.948128,0.310559,-0.0678683,0,-0.314616,0.947287,-0.0605264,0,0.0454937,0.0787393,0.995857,0,55.0797,39.4194,-100.531,1
0.948081,0.310679,-0.0679847,0,-0.314743,0.94725,-0.0604615,0,0.0456143,0.0787201,0.995853,0,55.0959,39.3921,-100.058,1
0.948101,0.310654,-0.0678153,0,-0.31471,0.947252,-0.0605945,0,0.0454142,0.0787919,0.995856,0,55.0833,39.4064,-99.6318,1
0.94809,0.310683,-0.0678386,0,-0.314739,0.947244,-0.0605682,0,0.0454422,0.0787756,0.995856,0,55.1005,39.3885,-99.1993,1
0.948093,0.310703,-0.0677062,0,-0.314756,0.94723,-0.0607035,0,0.0452725,0.0788635,0.995857,0,55.0769,39.391,-98.7895,1
0.948102,0.310666,-0.0677544,0,-0.314718,0.947248,-0.0606201,0,0.0453476,0.0787975,0.995859,0,55.0889,39.3874,-98.3589,1
0.948108,0.310676,-0.067612,0,-0.314723,0.947237,-0.0607618,0,0.0451673,0.0788878,0.99586,0,55.05,39.3995,-97.9963,1
0.948128,0.310619,-0.0675961,0,-0.314666,0.947256,-0.0607654,0,0.0451558,0.0788836,0.995861,0,55.0511,39.4155,-97.3726,1
0.948122,0.310616,-0.067699,0,-0.314667,0.94726,-0.0606856,0,0.0452786,0.07884,0.995858,0,55.0803,39.4061,-96.9531,1
0.948133,0.310606,-0.067591,0,-0.314652,0.94726,-0.0607631,0,0.0451528,0.0788792,0.995861,0,55.069,39.406,-96.5827,1
0.948127,0.310603,-0.0676847,0,-0.314653,0.947265,-0.06069,0,0.0452648,0.078839,0.995859,0,55.0817,39.3975,-96.1764,1
0.948138,0.310571,-0.0676691,0,-0.314623,0.94727,-0.0607606,0,0.0452304,0.0788998,0.995856,0,55.0958,39.4091,-95.8248,1
0.948132,0.310631,-0.0674934,0,-0.314673,0.947248,-0.0608514,0,0.0450307,0.0789335,0.995862,0,55.0695,39.4056,-95.5657,1
0.948129,0.310627,-0.0675458,0,-0.314672,0.94725,-0.0608204,0,0.0450903,0.0789203,0.995861,0,55.0821,39.3871,-95.2934,1
0.948102,0.31071,-0.0675364,0,-0.314754,0.947224,-0.0608127,0,0.045077,0.0789141,0.995862,0,55.1247,39.3735,-94.7664,1
0.94811,0.310681,-0.0675638,0,-0.314727,0.947231,-0.0608266,0,0.0451009,0.0789345,0.995859,0,55.1138,39.3859,-94.4115,1
0.948102,0.31068,-0.0676777,0,-0.314731,0.947237,-0.0607244,0,0.045241,0.0788731,0.995858,0,55.1496,39.3771,-94.0428,1
0.948093,0.310697,-0.0677274,0,-0.314751,0.947231,-0.0607083,0,0.0452916,0.0788745,0.995855,0,55.1343,39.3723,-93.6799,1
0.948099,0.31072,-0.0675396,0,-0.314765,0.947218,-0.0608377,0,0.0450713,0.0789393,0.99586,0,55.1082,39.3719,-93.3998,1
0.948108,0.310683,-0.0675843,0,-0.314729,0.947233,-0.060784,0,0.0451336,0.0789006,0.99586,0,55.1236,39.3697,-93.075,1
0.948125,0.310669,-0.0674124,0,-0.314709,0.94723,-0.0609458,0,0.044921,0.0789995,0.995862,0,55.1017,39.3914,-92.6925,1
0.948118,0.310688,-0.0674208,0,-0.31473,0.947222,-0.0609563,0,0.0449241,0.0790131,0.995861,0,55.1016,39.3784,-92.5217,1
0.948126,0.31067,-0.0673949,0,-0.314709,0.947228,-0.0609641,0,0.0448987,0.0790115,0.995862,0,55.1331,39.3739,-92.1107,1
0.948124,0.310676,-0.0673939,0,-0.314716,0.947225,-0.0609812,0,0.0448918,0.0790277,0.995861,0,55.1412,39.3716,-91.8444,1
0.948158,0.310611,-0.0672058,0,-0.314639,0.947247,-0.0610422,0,0.0447001,0.0790232,0.99587,0,55.1207,39.3904,-91.5965,1
0.948154,0.310609,-0.0672797,0,-0.314643,0.947245,-0.061051,0,0.0447674,0.0790549,0.995865,0,55.1324,39.3845,-91.4316,1
0.948139,0.310641,-0.0673493,0,-0.314678,0.947236,-0.0610046,0,0.0448451,0.0790342,0.995863,0,55.1607,39.3758,-91.1727,1
0.948122,0.310675,-0.067426,0,-0.314714,0.947231,-0.0608993,0,0.0449482,0.0789598,0.995864,0,55.1623,39.351,-90.8866,1
0.948136,0.310614,-0.0675031,0,-0.314659,0.94725,-0.0608933,0,0.045028,0.0789756,0.995859,0,55.1821,39.3679,-90.6199,1
0.948127,0.310661,-0.0674185,0,-0.314704,0.947229,-0.0609787,0,0.044917,0.0790324,0.99586,0,55.1542,39.3824,-90.2889,1
0.948108,0.310696,-0.0675297,0,-0.314742,0.947222,-0.060889,0,0.0450477,0.0789838,0.995858,0,55.1614,39.3858,-90.0348,1
0.948124,0.310647,-0.0675225,0,-0.314693,0.947239,-0.0608819,0,0.0450472,0.0789725,0.995859,0,55.1661,39.4082,-89.8157,1
0.948132,0.310631,-0.0674834,0,-0.314675,0.947243,-0.0609101,0,0.0450027,0.0789861,0.99586,0,55.1462,39.423,-89.6321,1
0.948147,0.310632,-0.0672715,0,-0.314666,0.947236,-0.0610655,0,0.0447531,0.0790671,0.995864,0,55.0943,39.4716,-89.4806,1
0.948139,0.310683,-0.0671455,0,-0.31471,0.947218,-0.061123,0,0.0446116,0.0790845,0.995869,0,55.0302,39.4725,-89.3251,1
0.948133,0.310661,-0.0673282,0,-0.314699,0.947227,-0.0610396,0,0.0448124,0.0790618,0.995862,0,55.0634,39.511,-89.1217,1
0.948135,0.310652,-0.0673484,0,-0.314687,0.947237,-0.0609423,0,0.0448631,0.0789752,0.995867,0,55.0494,39.5166,-88.971,1
0.948145,0.310634,-0.0672839,0,-0.314667,0.947239,-0.0610122,0,0.0447815,0.0790205,0.995867,0,54.9984,39.5765,-88.7859,1
0.948125,0.310709,-0.0672224,0,-0.314739,0.947213,-0.0610505,0,0.044705,0.079041,0.995869,0,54.9356,39.5989,-88.6422,1
0.94814,0.310679,-0.0671542,0,-0.314708,0.947217,-0.06115,0,0.0446116,0.0791128,0.995867,0,54.8788,39.676,-88.4933,1
0.948173,0.310565,-0.067216,0,-0.314596,0.947258,-0.061095,0,0.0446969,0.0790745,0.995866,0,54.8513,39.7464,-88.3283,1
0.94813,0.31069,-0.0672343,0,-0.31472,0.947219,-0.061047,0,0.0447189,0.0790405,0.995868,0,54.7949,39.7735,-88.1932,1
0.948098,0.310769,-0.0673248,0,-0.314805,0.947193,-0.0610213,0,0.0448061,0.0790484,0.995863,0,54.7471,39.8215,-88.0356,1
0.948112,0.310723,-0.0673481,0,-0.314759,0.947212,-0.0609611,0,0.0448508,0.0789964,0.995866,0,54.7043,39.8849,-87.8805,1
0.948113,0.310679,-0.0675397,0,-0.314725,0.947229,-0.0608694,0,0.0450648,0.0789675,0.995858,0,54.6488,39.9816,-87.6351,1
0.948108,0.310689,-0.0675549,0,-0.314736,0.947227,-0.0608521,0,0.0450838,0.0789563,0.995858,0,54.6035,40.0608,-87.5102,1
0.948109,0.310697,-0.0675039,0,-0.314741,0.947224,-0.0608678,0,0.0450299,0.0789555,0.995861,0,54.5246,40.1297,-87.4044,1
0.94814,0.310615,-0.0674543,0,-0.314655,0.947252,-0.0608833,0,0.044985,0.0789507,0.995863,0,54.4418,40.2381,-87.3129,1
0.948134,0.310645,-0.0673993,0,-0.314683,0.947239,-0.0609278,0,0.0449164,0.0789772,0.995864,0,54.3178,40.3267,-87.2432,1
0.948165,0.310563,-0.0673286,0,-0.314597,0.947266,-0.0609565,0,0.0448473,0.0789782,0.995867,0,54.1991,40.4528,-87.1953,1
0.94816,0.310564,-0.0674005,0,-0.314602,0.947266,-0.0609286,0,0.044924,0.0789744,0.995864,0,54.0925,40.5534,-87.1351,1
0.948185,0.310505,-0.0673194,0,-0.314538,0.947285,-0.0609627,0,0.0448414,0.0789785,0.995867,0,53.9531,40.6864,-87.1143,1
0.948159,0.310583,-0.0673193,0,-0.314616,0.947261,-0.0609452,0,0.0448404,0.0789655,0.995869,0,53.7491,40.8665,-87.0414,1
0.948189,0.310502,-0.0672757,0,-0.314532,0.947287,-0.0609674,0,0.044799,0.078969,0.99587,0,53.6227,41.0155,-86.9903,1
0.948187,0.310512,-0.0672603,0,-0.314541,0.947284,-0.0609682,0,0.0447832,0.0789654,0.995871,0,53.4932,41.1382,-86.9352,1
0.948175,0.310535,-0.0673292,0,-0.314568,0.947277,-0.0609365,0,0.0448565,0.0789581,0.995868,0,53.3712,41.2825,-86.874,1
0.948138,0.310631,-0.0673981,0,-0.314676,0.947231,-0.0610913,0,0.0448648,0.0791316,0.995854,0,53.2523,41.3936,-86.8551,1
0.948117,0.310709,-0.0673418,0,-0.314751,0.947205,-0.0611191,0,0.0447962,0.0791439,0.995856,0,53.1251,41.4879,-86.8279,1
0.948074,0.310823,-0.0674193,0,-0.314869,0.947168,-0.0610789,0,0.0448726,0.0791356,0.995853,0,52.9647,41.624,-86.7796,1
0.948129,0.310683,-0.067288,0,-0.314722,0.947213,-0.0611462,0,0.044739,0.0791515,0.995858,0,52.7167,41.8376,-86.7675,1
0.948154,0.310604,-0.0673043,0,-0.314643,0.94724,-0.0611275,0,0.0447669,0.0791351,0.995858,0,52.5682,41.9899,-86.7591,1
0.948166,0.310568,-0.067295,0,-0.314608,0.947249,-0.0611673,0,0.0447485,0.0791684,0.995857,0,52.4061,42.1439,-86.7651,1
0.948182,0.310544,-0.0671876,0,-0.314576,0.94726,-0.0611586,0,0.0446517,0.0791251,0.995864,0,52.2375,42.3001,-86.7374,1
0.948174,0.310557,-0.0672311,0,-0.31459,0.947259,-0.0611001,0,0.0447102,0.0790837,0.995865,0,52.0988,42.4634,-86.7154,1
0.948155,0.310605,-0.0672831,0,-0.314639,0.947246,-0.061051,0,0.0447709,0.0790557,0.995865,0,51.953,42.6026,-86.6825,1
0.948191,0.31048,-0.0673524,0,-0.31452,0.947287,-0.0610374,0,0.0448512,0.0790587,0.995861,0,51.8213,42.7869,-86.6511,1
0.948125,0.310696,-0.0672812,0,-0.314729,0.947218,-0.061032,0,0.0447676,0.0790414,0.995866,0,51.5312,42.9894,-86.6561,1
0.948097,0.310775,-0.067309,0,-0.31481,0.947191,-0.0610255,0,0.0447892,0.0790477,0.995864,0,51.3835,43.1355,-86.643,1
0.948127,0.310705,-0.0672162,0,-0.314735,0.947213,-0.0610652,0,0.0446948,0.0790529,0.995868,0,51.228,43.3035,-86.6698,1
0.948166,0.310591,-0.0671928,0,-0.31462,0.947251,-0.0610743,0,0.0446793,0.0790488,0.995869,0,51.1014,43.4629,-86.6736,1
0.948182,0.310537,-0.0672148,0,-0.314564,0.947275,-0.0609936,0,0.0447301,0.0789764,0.995873,0,50.9933,43.5969,-86.6584,1
0.948209,0.310475,-0.0671231,0,-0.3145,0.947288,-0.0611192,0,0.0446089,0.0790639,0.995871,0,50.8528,43.7517,-86.7077,1
0.948205,0.310487,-0.0671193,0,-0.314511,0.947286,-0.061099,0,0.0446106,0.0790442,0.995873,0,50.7239,43.8597,-86.7003,1
0.948211,0.310475,-0.0670942,0,-0.314498,0.947289,-0.061123,0,0.0445805,0.0790584,0.995873,0,50.5981,43.9724,-86.7054,1
0.948188,0.310544,-0.0670983,0,-0.314566,0.947268,-0.0610929,0,0.044588,0.0790344,0.995874,0,50.4439,44.0996,-86.6843,1
0.948184,0.310556,-0.0671043,0,-0.314578,0.947265,-0.0610823,0,0.0445961,0.0790267,0.995875,0,50.333,44.1844,-86.6844,1
0.948173,0.310579,-0.0671485,0,-0.314603,0.947258,-0.0610595,0,0.0446431,0.0790201,0.995873,0,50.275,44.25,-86.6624,1
0.94813,0.310696,-0.067215,0,-0.314721,0.947224,-0.0609752,0,0.0447229,0.0789664,0.995874,0,50.2226,44.294,-86.6145,1
0.948142,0.310661,-0.067202,0,-0.314686,0.947234,-0.0609947,0,0.0447074,0.0789793,0.995873,0,50.1625,44.3637,-86.6194,1
0.948108,0.310775,-0.0671604,0,-0.314797,0.947198,-0.0609867,0,0.0446611,0.0789639,0.995877,0,50.0617,44.4066,-86.6316,1
0.948097,0.310798,-0.0672123,0,-0.314823,0.94719,-0.0609719,0,0.0447129,0.0789673,0.995874,0,50.0135,44.4781,-86.6096,1
0.94806,0.310902,-0.0672469,0,-0.314928,0.947157,-0.0609389,0,0.0447473,0.0789517,0.995874,0,49.9332,44.5305,-86.5833,1
0.94809,0.31081,-0.0672537,0,-0.314838,0.947187,-0.0609463,0,0.0447591,0.0789566,0.995873,0,49.9055,44.606,-86.586,1
0.948076,0.310856,-0.0672334,0,-0.314881,0.947173,-0.0609417,0,0.0447376,0.0789479,0.995875,0,49.8459,44.6395,-86.5784,1
0.948111,0.310764,-0.0671666,0,-0.314786,0.947203,-0.0609746,0,0.0446717,0.0789538,0.995877,0,49.8027,44.6901,-86.6082,1
0.948105,0.310767,-0.0672353,0,-0.314791,0.947205,-0.0609096,0,0.0447569,0.0789138,0.995876,0,49.8031,44.7157,-86.5892,1
0.94809,0.310831,-0.0671511,0,-0.314853,0.947179,-0.0609931,0,0.0446455,0.0789697,0.995877,0,49.7505,44.7286,-86.6212,1
0.948084,0.310844,-0.0671816,0,-0.314866,0.947177,-0.0609565,0,0.0446849,0.0789451,0.995877,0,49.7525,44.733,-86.5967,1
0.948115,0.310742,-0.0672112,0,-0.314766,0.94721,-0.0609528,0,0.0447226,0.0789461,0.995875,0,49.7588,44.7614,-86.5937,1
0.948115,0.310752,-0.0671696,0,-0.314774,0.947205,-0.060995,0,0.0446691,0.0789736,0.995876,0,49.7362,44.7716,-86.6118,1
0.948125,0.310717,-0.0671882,0,-0.314742,0.947216,-0.060997,0,0.0446889,0.0789797,0.995874,0,49.7426,44.7873,-86.6178,1
0.948128,0.310685,-0.0672932,0,-0.314716,0.947227,-0.0609517,0,0.0448052,0.0789683,0.99587,0,49.781,44.806,-86.5717,1
0.94813,0.310684,-0.0672743,0,-0.314714,0.947227,-0.0609654,0,0.044783,0.0789752,0.99587,0,49.7672,44.8062,-86.5704,1
0.94814,0.310697,-0.067067,0,-0.31472,0.947211,-0.0611765,0,0.0445193,0.0791112,0.995871,0,49.7396,44.849,-86.6053,1
0.948158,0.310649,-0.067036,0,-0.314672,0.947225,-0.0612125,0,0.0444825,0.0791335,0.995871,0,49.7645,44.8722,-86.5886,1
0.948144,0.310684,-0.0670751,0,-0.314708,0.947215,-0.0611841,0,0.0445256,0.0791204,0.99587,0,49.7772,44.8679,-86.5192,1
0.948151,0.31069,-0.0669507,0,-0.314708,0.947207,-0.0612952,0,0.0443725,0.0791871,0.995872,0,49.8165,44.8961,-86.4682,1
0.948182,0.310608,-0.0668938,0,-0.314624,0.947234,-0.0613215,0,0.0443172,0.0791903,0.995874,0,49.8796,44.914,-86.4235,1
0.948135,0.310735,-0.0669701,0,-0.314753,0.947196,-0.0612481,0,0.0444019,0.0791505,0.995873,0,49.9488,44.8912,-86.3144,1
0.948155,0.310656,-0.0670469,0,-0.314679,0.947223,-0.0612081,0,0.0444937,0.079133,0.995871,0,50.0679,44.9142,-86.2123,1
0.94815,0.310667,-0.0670673,0,-0.31469,0.947221,-0.0611774,0,0.0445218,0.0791108,0.995871,0,50.1238,44.9183,-86.1333,1
0.94817,0.310598,-0.0670948,0,-0.314623,0.947244,-0.0611724,0,0.0445551,0.0791114,0.99587,0,50.1902,44.9436,-86.0565,1
0.948152,0.310644,-0.0671429,0,-0.314671,0.947231,-0.0611203,0,0.0446132,0.0790793,0.99587,0,50.2755,44.9422,-85.9404,1
0.948161,0.310598,-0.0672253,0,-0.31463,0.947247,-0.061087,0,0.0447055,0.0790714,0.995866,0,50.4629,44.9687,-85.7608,1
0.948165,0.310607,-0.0671303,0,-0.314631,0.947246,-0.0610916,0,0.0446135,0.0790462,0.995872,0,50.5292,44.9854,-85.6536,1
0.948152,0.31064,-0.0671567,0,-0.314666,0.947236,-0.0610684,0,0.044643,0.079034,0.995872,0,50.6523,44.987,-85.52,1
0.948173,0.310569,-0.0671907,0,-0.314598,0.947258,-0.0610864,0,0.0446754,0.0790586,0.995869,0,50.7672,45.02,-85.3816,1
0.948159,0.310642,-0.0670565,0,-0.314664,0.947229,-0.0611878,0,0.0445105,0.079116,0.995871,0,50.8457,45.0303,-85.2567,1
0.948186,0.310572,-0.0669935,0,-0.314588,0.947256,-0.0611575,0,0.0444662,0.0790641,0.995878,0,50.9702,45.0582,-85.1072,1
0.94817,0.310595,-0.0671116,0,-0.314619,0.947248,-0.0611273,0,0.0445855,0.0790737,0.995871,0,51.1162,45.0707,-84.9474,1
0.94816,0.310619,-0.0671523,0,-0.314643,0.947246,-0.0610346,0,0.0446512,0.0789995,0.995874,0,51.2662,45.0839,-84.7772,1
0.94818,0.310556,-0.0671601,0,-0.314582,0.947262,-0.0610939,0,0.0446452,0.0790554,0.99587,0,51.4805,45.1461,-84.5226,1
0.948163,0.310602,-0.0671837,0,-0.314639,0.947231,-0.0612869,0,0.0446027,0.0792486,0.995857,0,51.6173,45.1706,-84.3564,1
0.948152,0.310662,-0.067067,0,-0.314695,0.947206,-0.0613881,0,0.0444553,0.0793109,0.995858,0,51.7278,45.2049,-84.1857,1
0.948136,0.310707,-0.0670765,0,-0.314738,0.947195,-0.0613323,0,0.0444782,0.0792629,0.995861,0,51.8704,45.2068,-83.977,1
0.948126,0.310749,-0.0670231,0,-0.314777,0.94718,-0.0613622,0,0.0444148,0.0792765,0.995863,0,51.9971,45.2286,-83.825,1
0.948136,0.310739,-0.0669323,0,-0.314766,0.947174,-0.0615072,0,0.0442838,0.0793852,0.99586,0,52.1102,45.2681,-83.6526,1
0.948139,0.31074,-0.0668917,0,-0.314772,0.94716,-0.0617038,0,0.0441833,0.0795594,0.995851,0,52.2451,45.3032,-83.4852,1
0.948194,0.310663,-0.0664554,0,-0.314675,0.947171,-0.0620197,0,0.0436775,0.0797186,0.99586,0,52.366,45.3694,-83.263,1
0.948211,0.310578,-0.0666098,0,-0.314606,0.947188,-0.0621111,0,0.0438017,0.0798503,0.995844,0,52.5186,45.4131,-83.1042,1
0.948242,0.310504,-0.0665126,0,-0.314527,0.947212,-0.0621477,0,0.0437044,0.0798511,0.995848,0,52.6631,45.4539,-82.8975,1
0.948232,0.310529,-0.0665392,0,-0.314561,0.94719,-0.0623122,0,0.0436756,0.080017,0.995836,0,52.7722,45.4792,-82.7479,1
0.948215,0.310615,-0.0663783,0,-0.314646,0.947142,-0.0626049,0,0.0434237,0.0802486,0.995829,0,52.8748,45.5015,-82.5614,1
0.94824,0.310552,-0.0663228,0,-0.314582,0.947159,-0.0626836,0,0.0433517,0.0803031,0.995828,0,53.0345,45.546,-82.348,1
0.948249,0.310541,-0.0662488,0,-0.314572,0.947151,-0.0628455,0,0.0432316,0.0804332,0.995822,0,53.184,45.5846,-82.1512,1
0.948246,0.310582,-0.0660897,0,-0.314612,0.947119,-0.0631251,0,0.0429893,0.0806508,0.995815,0,53.2877,45.6151,-81.953,1
0.948243,0.310641,-0.0658597,0,-0.314667,0.947079,-0.0634499,0,0.0426642,0.0808898,0.99581,0,53.4729,45.6721,-81.6283,1
0.94822,0.31074,-0.0657202,0,-0.314765,0.94703,-0.0636994,0,0.0424451,0.0810875,0.995803,0,53.5745,45.6907,-81.4301,1
0.94822,0.310788,-0.0654972,0,-0.314811,0.946989,-0.0640809,0,0.0421095,0.0813821,0.995793,0,53.6681,45.747,-81.2348,1
0.948235,0.310789,-0.0652706,0,-0.314811,0.946961,-0.0644949,0,0.0417643,0.0817043,0.995781,0,53.7474,45.8084,-81.0801,1
0.948205,0.310919,-0.0650983,0,-0.314939,0.946896,-0.0648123,0,0.04149,0.0819573,0.995772,0,53.839,45.8177,-80.8835,1
0.948276,0.310759,-0.0648209,0,-0.314775,0.946922,-0.0652404,0,0.0411062,0.08227,0.995762,0,53.9547,45.8907,-80.6979,1
0.948297,0.310724,-0.0646823,0,-0.314736,0.946921,-0.0654374,0,0.0409161,0.082412,0.995758,0,54.0859,45.9247,-80.4476,1
0.948331,0.310635,-0.0646065,0,-0.314665,0.946905,-0.0660062,0,0.0406724,0.0829251,0.995726,0,54.2997,46.0283,-80.0936,1
0.948368,0.310587,-0.0642949,0,-0.314611,0.946889,-0.066501,0,0.0402258,0.0832953,0.995713,0,54.3765,46.0787,-79.9319,1
0.948416,0.310453,-0.0642324,0,-0.314486,0.946905,-0.0668618,0,0.0400646,0.083613,0.995693,0,54.5118,46.1612,-79.6978,1
0.948452,0.310423,-0.0638455,0,-0.314447,0.946876,-0.0674502,0,0.0395157,0.0840494,0.995678,0,54.562,46.2397,-79.5395,1
0.948458,0.310441,-0.0636669,0,-0.314471,0.946831,-0.0679637,0,0.039183,0.0844821,0.995655,0,54.6387,46.2984,-79.3396,1
0.948477,0.310429,-0.063442,0,-0.314456,0.946805,-0.0683954,0,0.0388353,0.0848212,0.995639,0,54.7192,46.3505,-79.1291,1
0.94849,0.310467,-0.0630561,0,-0.314484,0.946754,-0.0689678,0,0.0382864,0.0852454,0.995624,0,54.7809,46.4036,-78.9629,1
0.948512,0.310444,-0.0628441,0,-0.314458,0.946734,-0.0693624,0,0.0379635,0.0855529,0.99561,0,54.932,46.4486,-78.643,1
0.948552,0.31037,-0.0626003,0,-0.314384,0.946718,-0.0699106,0,0.0375666,0.0859944,0.995587,0,54.9927,46.5271,-78.5035,1
0.948553,0.310434,-0.0622757,0,-0.314439,0.946663,-0.0704119,0,0.0370958,0.0863713,0.995572,0,55.0425,46.5627,-78.301,1
0.948581,0.310434,-0.0618552,0,-0.314427,0.946617,-0.0710838,0,0.0364864,0.0868776,0.995551,0,55.0569,46.6372,-78.1391,1
0.948626,0.310388,-0.061388,0,-0.314365,0.946585,-0.0717757,0,0.0358307,0.0873865,0.99553,0,55.0756,46.7267,-77.9906,1
0.948641,0.310401,-0.0610818,0,-0.314373,0.946535,-0.0723962,0,0.0353442,0.0878806,0.995504,0,55.1237,46.7916,-77.8088,1
0.948654,0.310455,-0.0606085,0,-0.314411,0.946466,-0.0731344,0,0.034659,0.0884353,0.995479,0,55.118,46.8557,-77.6584,1
0.948656,0.31049,-0.060393,0,-0.314449,0.946404,-0.0737631,0,0.0342535,0.0889664,0.995446,0,55.1842,46.9183,-77.4706,1
0.948707,0.310416,-0.0599819,0,-0.314372,0.946352,-0.074751,0,0.0335602,0.0897734,0.995397,0,55.271,47.0172,-77.1711,1
0.948737,0.310358,-0.0598018,0,-0.31432,0.946318,-0.0754001,0,0.0331904,0.0903317,0.995359,0,55.3672,47.1017,-76.9395,1
0.94881,0.310238,-0.0592629,0,-0.314177,0.946301,-0.0762044,0,0.0324391,0.0909226,0.99533,0,55.3791,47.1846,-76.7984,1
0.948825,0.310273,-0.0588397,0,-0.314194,0.946246,-0.0768234,0,0.0318406,0.091379,0.995307,0,55.3879,47.2361,-76.6052,1
0.948858,0.310245,-0.0584578,0,-0.314155,0.946196,-0.0775876,0,0.0312414,0.0919844,0.99527,0,55.4106,47.3133,-76.4373,1
0.948913,0.310146,-0.0580894,0,-0.314048,0.946164,-0.0784155,0,0.0306418,0.0926523,0.995227,0,55.4267,47.404,-76.2924,1
0.948925,0.310204,-0.0575775,0,-0.314085,0.946078,-0.0793004,0,0.0298735,0.0933344,0.995187,0,55.4065,47.4542,-76.154,1
0.948999,0.310102,-0.0569087,0,-0.313959,0.946008,-0.0806179,0,0.0288363,0.0943733,0.995119,0,55.3959,47.6053,-75.9007,1
0.949,0.310174,-0.0564953,0,-0.314015,0.94592,-0.0814334,0,0.0281815,0.0950206,0.995076,0,55.4095,47.6474,-75.7381,1
0.949038,0.310165,-0.055906,0,-0.313973,0.945861,-0.0822735,0,0.0273609,0.0956336,0.995041,0,55.3753,47.7332,-75.5735,1
0.94911,0.310011,-0.0555261,0,-0.313804,0.94585,-0.083039,0,0.0267764,0.0962375,0.994998,0,55.414,47.8299,-75.4004,1
0.949139,0.309999,-0.0551047,0,-0.313775,0.945779,-0.0839476,0,0.0260933,0.0969685,0.994946,0,55.3937,47.9157,-75.247,1
0.949146,0.310023,-0.0548393,0,-0.31379,0.94572,-0.0845581,0,0.0256477,0.097466,0.994909,0,55.3873,47.9548,-75.1264,1
0.949181,0.309995,-0.0543838,0,-0.313737,0.945668,-0.085332,0,0.0249765,0.0980577,0.994867,0,55.3638,48.0426,-75.0185,1
0.949206,0.310043,-0.0536891,0,-0.313747,0.945547,-0.0866242,0,0.0239084,0.099069,0.994793,0,55.3104,48.1258,-74.8054,1
0.949253,0.309966,-0.0532868,0,-0.313655,0.945484,-0.087637,0,0.0232173,0.0999034,0.994726,0,55.2866,48.2423,-74.6721,1
0.949283,0.309939,-0.0529071,0,-0.313612,0.94541,-0.0885893,0,0.0225617,0.100689,0.994662,0,55.2466,48.319,-74.5285,1
0.949345,0.309848,-0.0523337,0,-0.313483,0.945369,-0.0894778,0,0.0217501,0.101351,0.994613,0,55.2203,48.4103,-74.392,1
0.949342,0.309939,-0.0518429,0,-0.313542,0.945266,-0.0903504,0,0.0210023,0.102028,0.99456,0,55.1851,48.4454,-74.2223,1
0.949421,0.309783,-0.05133,0,-0.313356,0.94523,-0.0913697,0,0.0202139,0.102833,0.994493,0,55.1613,48.5585,-74.0867,1
0.949422,0.309883,-0.0507018,0,-0.313414,0.945097,-0.0925422,0,0.0192409,0.103752,0.994417,0,55.0617,48.6395,-73.9927,1
0.949467,0.309832,-0.0501662,0,-0.313332,0.944989,-0.0939121,0,0.0183095,0.104885,0.994316,0,55.0553,48.7672,-73.7415,1
0.949505,0.309779,-0.049767,0,-0.313256,0.944916,-0.0948937,0,0.0176295,0.105692,0.994243,0,55.0241,48.8379,-73.5978,1
0.949537,0.309787,-0.0491123,0,-0.313211,0.944834,-0.0958541,0,0.0167086,0.1064,0.994183,0,54.9392,48.9198,-73.4661,1
0.949559,0.309793,-0.0486415,0,-0.313182,0.944746,-0.0968137,0,0.0159616,0.107164,0.994113,0,54.8863,48.9873,-73.341,1
0.949626,0.309677,-0.0480733,0,-0.313023,0.944682,-0.0979445,0,0.0150828,0.108059,0.99403,0,54.8297,49.1108,-73.2442,1
0.949616,0.309772,-0.0476454,0,-0.313083,0.94458,-0.0987303,0,0.014421,0.108673,0.993973,0,54.7929,49.1656,-73.0964,1
0.949689,0.30966,-0.0469165,0,-0.312907,0.944524,-0.0998139,0,0.0134054,0.109473,0.9939,0,54.6977,49.2413,-73.0098,1
0.949749,0.309551,-0.0464242,0,-0.31276,0.944447,-0.101005,0,0.0125789,0.110449,0.993802,0,54.6454,49.3641,-72.8992,1
0.94981,0.309478,-0.0456673,0,-0.312622,0.944322,-0.102589,0,0.0113757,0.111716,0.993675,0,54.557,49.4933,-72.7133,1
0.949809,0.309594,-0.0448918,0,-0.312663,0.944189,-0.103679,0,0.0102879,0.112511,0.993597,0,54.4342,49.5564,-72.6541,1
0.94987,0.309478,-0.0443996,0,-0.312501,0.944143,-0.104581,0,0.00955418,0.113213,0.993525,0,54.3843,49.6488,-72.5385,1
0.949912,0.309403,-0.0440188,0,-0.31239,0.944095,-0.105344,0,0.00896433,0.113818,0.993461,0,54.3334,49.7163,-72.4544,1
0.949938,0.30938,-0.0436206,0,-0.312327,0.944042,-0.106004,0,0.00838431,0.114321,0.993409,0,54.2963,49.7597,-72.3771,1
0.949963,0.30939,-0.0429899,0,-0.312276,0.943912,-0.107309,0,0.00737833,0.115364,0.993296,0,54.173,49.8739,-72.3307,1
0.949979,0.309397,-0.042596,0,-0.312244,0.943795,-0.108415,0,0.00665857,0.116293,0.993193,0,54.1105,49.9524,-72.2248,1
0.950048,0.309297,-0.0417585,0,-0.312056,0.943689,-0.10988,0,0.00542159,0.117422,0.993067,0,53.994,50.0761,-72.0737,1
0.950095,0.309229,-0.0412063,0,-0.311929,0.943608,-0.110925,0,0.00458138,0.118243,0.992974,0,53.9459,50.1617,-71.9552,1
0.950115,0.309233,-0.0406977,0,-0.311876,0.943511,-0.111895,0,0.00379704,0.119006,0.992886,0,53.8866,50.2146,-71.8226,1
0.950128,0.309273,-0.0400894,0,-0.311848,0.943382,-0.113054,0,0.00285491,0.119918,0.99278,0,53.7947,50.3048,-71.7528,1
0.950162,0.309238,-0.0395439,0,-0.31175,0.943286,-0.114122,0,0.00201014,0.120763,0.992679,0,53.7157,50.3823,-71.6653,1
0.950205,0.309179,-0.0389666,0,-0.311623,0.943194,-0.115226,0,0.00112759,0.121631,0.992575,0,53.6045,50.474,-71.591,1
0.950258,0.309076,-0.0384875,0,-0.311463,0.94312,-0.11626,0,0.000365071,0.122465,0.992473,0,53.5311,50.5755,-71.4983,1
0.950295,0.309025,-0.0379908,0,-0.311352,0.943041,-0.117191,0,-0.000388145,0.123195,0.992383,0,53.4565,50.6535,-71.4155,1
0.950353,0.308962,-0.0370361,0,-0.311169,0.942897,-0.118822,0,-0.00179025,0.124447,0.992225,0,53.28,50.7779,-71.3309,1
0.950396,0.308899,-0.0364536,0,-0.311032,0.942821,-0.119785,0,-0.00263223,0.125181,0.99213,0,53.1951,50.8622,-71.2452,1
0.95041,0.308894,-0.0361198,0,-0.310982,0.942704,-0.120832,0,-0.00327417,0.126073,0.992016,0,53.1433,50.9377,-71.1436,1
0.950423,0.308909,-0.0356763,0,-0.310936,0.942596,-0.121785,0,-0.00399223,0.126841,0.991915,0,53.0787,51.0007,-71.0354,1
0.950449,0.308905,-0.0349852,0,-0.310841,0.942502,-0.122755,0,-0.00494596,0.127547,0.99182,0,52.9845,51.0743,-70.9826,1
0.950493,0.308827,-0.0344897,0,-0.310695,0.942421,-0.123738,0,-0.00570974,0.128328,0.991716,0,52.9085,51.1413,-70.8826,1
0.950528,0.308769,-0.0340492,0,-0.310574,0.942326,-0.124761,0,-0.00643671,0.129163,0.991603,0,52.8557,51.2394,-70.8068,1
0.950578,0.30871,-0.0331681,0,-0.31039,0.942185,-0.126279,0,-0.0077332,0.130334,0.99144,0,52.7136,51.3558,-70.7274,1
0.950619,0.308623,-0.0327976,0,-0.31025,0.942132,-0.127016,0,-0.00830035,0.130919,0.991358,0,52.6481,51.4241,-70.688,1
0.950642,0.308587,-0.0324568,0,-0.310162,0.94205,-0.127836,0,-0.00887258,0.131593,0.991264,0,52.5918,51.4986,-70.6478,1
0.95064,0.308638,-0.0320533,0,-0.310151,0.94193,-0.128746,0,-0.00954372,0.132332,0.99116,0,52.5225,51.5532,-70.5767,1
0.950676,0.308595,-0.0313905,0,-0.31001,0.941835,-0.129776,0,-0.0104836,0.133107,0.991046,0,52.3921,51.6382,-70.5326,1
0.950691,0.30859,-0.0309793,0,-0.30994,0.941736,-0.130658,0,-0.0111454,0.133817,0.990944,0,52.3257,51.6893,-70.4635,1
0.950746,0.308471,-0.0304655,0,-0.309743,0.941674,-0.13157,0,-0.0118969,0.134526,0.990839,0,52.2814,51.7802,-70.3928,1
0.950778,0.308413,-0.0300603,0,-0.309622,0.941601,-0.132373,0,-0.0125208,0.135165,0.990744,0,52.2344,51.8383,-70.316,1
0.950819,0.308365,-0.0292341,0,-0.309441,0.941447,-0.13388,0,-0.0137615,0.136342,0.990566,0,52.1009,51.9529,-70.2668,1
0.950807,0.308437,-0.028842,0,-0.309447,0.941319,-0.134766,0,-0.0144174,0.137062,0.990458,0,52.0325,51.9913,-70.1729,1
0.950834,0.308416,-0.0281795,0,-0.30932,0.94121,-0.135815,0,-0.0153647,0.137854,0.990334,0,51.9286,52.0859,-70.1655,1
0.950844,0.308428,-0.0277173,0,-0.309257,0.941137,-0.13646,0,-0.0160023,0.138324,0.990258,0,51.8698,52.1188,-70.0646,1
0.950895,0.308322,-0.0271449,0,-0.309057,0.941069,-0.137379,0,-0.0168117,0.139022,0.990147,0,51.7973,52.1988,-70.0302,1
0.950907,0.308307,-0.0268804,0,-0.308993,0.940977,-0.138155,0,-0.0173004,0.139679,0.990046,0,51.7368,52.2493,-69.9386,1
0.950939,0.308248,-0.0264281,0,-0.308856,0.940898,-0.138995,0,-0.0179788,0.140338,0.989941,0,51.6857,52.3244,-69.8821,1
0.950964,0.308209,-0.0260023,0,-0.308738,0.940785,-0.140014,0,-0.0186909,0.141176,0.989808,0,51.6213,52.3891,-69.7503,1
0.951003,0.308127,-0.0255039,0,-0.308568,0.94069,-0.141025,0,-0.0194624,0.141985,0.989678,0,51.5241,52.4807,-69.7187,1
0.951015,0.308122,-0.0251101,0,-0.308493,0.94061,-0.141722,0,-0.0200488,0.142526,0.989588,0,51.478,52.5276,-69.6575,1
0.951025,0.308132,-0.0246359,0,-0.308421,0.940531,-0.142403,0,-0.0207082,0.143027,0.989502,0,51.4072,52.5667,-69.5944,1
0.951021,0.308167,-0.0243511,0,-0.3084,0.940428,-0.143127,0,-0.0212066,0.143627,0.989405,0,51.3669,52.6142,-69.5332,1
0.951032,0.308158,-0.0240221,0,-0.308324,0.940318,-0.14401,0,-0.0217893,0.144364,0.989285,0,51.2996,52.6899,-69.5098,1
0.951049,0.308137,-0.0235878,0,-0.308227,0.940255,-0.144629,0,-0.0223871,0.14482,0.989205,0,51.2168,52.7267,-69.5003,1
0.951057,0.308147,-0.0231643,0,-0.308156,0.940152,-0.145447,0,-0.0230409,0.145466,0.989095,0,51.1681,52.7723,-69.4238,1
0.951081,0.308107,-0.0227041,0,-0.308032,0.940079,-0.146176,0,-0.023694,0.146018,0.988998,0,51.1139,52.833,-69.3762,1
0.951137,0.30796,-0.0223559,0,-0.307818,0.940034,-0.146917,0,-0.0242292,0.14662,0.988896,0,51.0639,52.9143,-69.3301,1
0.951156,0.307921,-0.0220783,0,-0.307724,0.939966,-0.147544,0,-0.0246792,0.147132,0.988809,0,51.0454,52.9621,-69.2669,1
0.951133,0.308028,-0.0215672,0,-0.307734,0.93984,-0.148326,0,-0.0254189,0.147715,0.988703,0,50.9523,52.985,-69.2443,1
0.95113,0.308052,-0.0213664,0,-0.307715,0.939766,-0.148832,0,-0.0257687,0.148134,0.988632,0,50.9411,53.0167,-69.1476,1
0.951155,0.307991,-0.0211179,0,-0.307602,0.939707,-0.149439,0,-0.0261811,0.148635,0.988546,0,50.9205,53.0721,-69.0829,1
0.951187,0.307922,-0.0206719,0,-0.30745,0.939652,-0.150097,0,-0.0267938,0.149126,0.988455,0,50.866,53.1361,-69.0768,1
0.951214,0.307861,-0.0203615,0,-0.307317,0.939543,-0.151046,0,-0.0273705,0.149934,0.988317,0,50.8215,53.2104,-69.0157,1
0.951225,0.307856,-0.0198985,0,-0.307227,0.939483,-0.151603,0,-0.0279775,0.150321,0.988241,0,50.7614,53.247,-68.9692,1
0.95124,0.307833,-0.0195471,0,-0.307135,0.939416,-0.152206,0,-0.0284913,0.150788,0.988156,0,50.7158,53.2798,-68.9428,1
0.951254,0.307806,-0.0192645,0,-0.307052,0.939366,-0.152677,0,-0.0288984,0.15115,0.988089,0,50.6881,53.3088,-68.8855,1
0.951271,0.307773,-0.0189646,0,-0.306957,0.939305,-0.153247,0,-0.0293519,0.151601,0.988006,0,50.6353,53.361,-68.871,1
0.951262,0.307818,-0.0186763,0,-0.30694,0.939215,-0.153833,0,-0.0298114,0.152068,0.987921,0,50.5934,53.4122,-68.8258,1
0.951257,0.307844,-0.0185146,0,-0.306927,0.939143,-0.154293,0,-0.0301104,0.152455,0.987852,0,50.5584,53.4342,-68.7772,1
0.951264,0.307842,-0.0182049,0,-0.306854,0.939041,-0.155057,0,-0.0306379,0.153087,0.987738,0,50.5314,53.4768,-68.7196,1
0.951308,0.307729,-0.0177673,0,-0.306655,0.939001,-0.155689,0,-0.0312265,0.153557,0.987646,0,50.4578,53.5514,-68.735,1
0.951317,0.307715,-0.0175358,0,-0.306593,0.938952,-0.156112,0,-0.0315728,0.153889,0.987584,0,50.4283,53.5861,-68.6998,1
0.951337,0.307665,-0.0173285,0,-0.306497,0.938909,-0.156558,0,-0.0318977,0.154251,0.987517,0,50.421,53.622,-68.6725,1
0.951324,0.307712,-0.0171884,0,-0.306512,0.938849,-0.156888,0,-0.0321389,0.154519,0.987467,0,50.3774,53.631,-68.6254,1
0.951352,0.307649,-0.016752,0,-0.306368,0.938824,-0.157317,0,-0.0326712,0.154796,0.987406,0,50.2921,53.6716,-68.6507,1
0.951364,0.307621,-0.0166319,0,-0.306307,0.938774,-0.157735,0,-0.032909,0.155158,0.987342,0,50.3078,53.7115,-68.6058,1
0.951373,0.307609,-0.0163203,0,-0.306228,0.938702,-0.158311,0,-0.0333781,0.155611,0.987255,0,50.2705,53.7402,-68.5532,1
0.95139,0.307567,-0.0161065,0,-0.306142,0.938674,-0.158649,0,-0.0336763,0.155868,0.987204,0,50.2603,53.775,-68.5112,1
0.951401,0.307546,-0.015844,0,-0.306061,0.938608,-0.15919,0,-0.0340869,0.156303,0.987121,0,50.2099,53.8169,-68.4985,1
0.951397,0.307569,-0.0156424,0,-0.306045,0.938574,-0.159424,0,-0.0343524,0.156463,0.987086,0,50.195,53.8367,-68.4795,1
0.951387,0.307599,-0.0156568,0,-0.306066,0.938513,-0.159743,0,-0.0344428,0.15677,0.987034,0,50.1875,53.8406,-68.4041,1
0.951383,0.307625,-0.0154323,0,-0.306043,0.938458,-0.160106,0,-0.0347702,0.157045,0.986979,0,50.1691,53.8583,-68.3913,1
0.951401,0.307577,-0.0152664,0,-0.305956,0.938421,-0.160493,0,-0.0350376,0.157364,0.986919,0,50.1359,53.8996,-68.3846,1
0.951393,0.307606,-0.0151633,0,-0.305964,0.938396,-0.160624,0,-0.0351796,0.157456,0.986899,0,50.1237,53.8962,-68.3946,1
0.951414,0.30754,-0.0152241,0,-0.305911,0.938426,-0.160549,0,-0.0350886,0.157406,0.986911,0,50.1525,53.9056,-68.3637,1
0.95142,0.307518,-0.015282,0,-0.3059,0.938437,-0.160507,0,-0.0350176,0.157384,0.986917,0,50.1647,53.9047,-68.3399,1
0.951413,0.307538,-0.015307,0,-0.305922,0.938425,-0.160533,0,-0.0350054,0.157415,0.986912,0,50.1618,53.8985,-68.3439,1
