{
    "cecum_t1_a": {
        "5": [
            {
                "group_name": "merged_0000_0004_5frames.ply",
                "start_idx": 0,
                "end_idx": 4,
                "fuse_frame_count": 5,
                "first_pose": [
                    [
                        0.9481,
                        0.31052,
                        -0.068436,
                        55.2977
                    ],
                    [
                        -0.314613,
                        0.947302,
                        -0.0603197,
                        39.3949
                    ],
                    [
                        0.046099,
                        0.0787199,
                        0.99583,
                        -109.741
                    ],
                    [
                        0.0,
                        0.0,
                        0.0,
                        1.0
                    ]
                ]
            },
            {
                "group_name": "merged_0005_0009_5frames.ply",
                "start_idx": 5,
                "end_idx": 9,
                "fuse_frame_count": 5,
                "first_pose": [
                    [
                        0.948085,
                        0.310579,
                        -0.0683778,
                        55.204
                    ],
                    [
                        -0.31467,
                        0.947279,
                        -0.0603836,
                        39.4225
                    ],
                    [
                        0.0460189,
                        0.0787653,
                        0.995831,
                        -108.032
                    ],
                    [
                        0.0,
                        0.0,
                        0.0,
                        1.0
                    ]
                ]
            },
            {
                "group_name": "merged_0010_0014_5frames.ply",
                "start_idx": 10,
                "end_idx": 14,
                "fuse_frame_count": 5,
                "first_pose": [
                    [
                        0.948114,
                        0.310528,
                        -0.0682013,
                        55.1696
                    ],
                    [
                        -0.31461,
                        0.947291,
                        -0.0604968,
                        39.4135
                    ],
                    [
                        0.0458205,
                        0.0788147,
                        0.995836,
                        -106.006
                    ],
                    [
                        0.0,
                        0.0,
                        0.0,
                        1.0
                    ]
                ]
            },
            {
                "group_name": "merged_0015_0019_5frames.ply",
                "start_idx": 15,
                "end_idx": 19,
                "fuse_frame_count": 5,
                "first_pose": [
                    [
                        0.948093,
                        0.310635,
                        -0.0680168,
                        55.0836
                    ],
                    [
                        -0.314709,
                        0.94725,
                        -0.0606337,
                        39.4307
                    ],
                    [
                        0.0455939,
                        0.0788919,
                        0.99584,
                        -103.941
                    ],
                    [
                        0.0,
                        0.0,
                        0.0,
                        1.0
                    ]
                ]
            },
            {
                "group_name": "merged_0020_0024_5frames.ply",
                "start_idx": 20,
                "end_idx": 24,
                "fuse_frame_count": 5,
                "first_pose": [
                    [
                        0.948122,
                        0.310597,
                        -0.0677803,
                        55.0535
                    ],
                    [
                        -0.314651,
                        0.947271,
                        -0.0606028,
                        39.4183
                    ],
                    [
                        0.0453833,
                        0.078786,
                        0.995858,
                        -101.707
                    ],
                    [
                        0.0,
                        0.0,
                        0.0,
                        1.0
                    ]
                ]
            },
            {
                "group_name": "merged_0025_0029_5frames.ply",
                "start_idx": 25,
                "end_idx": 29,
                "fuse_frame_count": 5,
                "first_pose": [
                    [
                        0.94809,
                        0.310683,
                        -0.0678386,
                        55.1005
                    ],
                    [
                        -0.314739,
                        0.947244,
                        -0.0605682,
                        39.3885
                    ],
                    [
                        0.0454422,
                        0.0787756,
                        0.995856,
                        -99.1993
                    ],
                    [
                        0.0,
                        0.0,
                        0.0,
                        1.0
                    ]
                ]
            },
            {
                "group_name": "merged_0030_0034_5frames.ply",
                "start_idx": 30,
                "end_idx": 34,
                "fuse_frame_count": 5,
                "first_pose": [
                    [
                        0.948122,
                        0.310616,
                        -0.067699,
                        55.0803
                    ],
                    [
                        -0.314667,
                        0.94726,
                        -0.0606856,
                        39.4061
                    ],
                    [
                        0.0452786,
                        0.07884,
                        0.995858,
                        -96.9531
                    ],
                    [
                        0.0,
                        0.0,
                        0.0,
                        1.0
                    ]
                ]
            },
            {
                "group_name": "merged_0035_0039_5frames.ply",
                "start_idx": 35,
                "end_idx": 39,
                "fuse_frame_count": 5,
                "first_pose": [
                    [
                        0.948129,
                        0.310627,
                        -0.0675458,
                        55.0821
                    ],
                    [
                        -0.314672,
                        0.94725,
                        -0.0608204,
                        39.3871
                    ],
                    [
                        0.0450903,
                        0.0789203,
                        0.995861,
                        -95.2934
                    ],
                    [
                        0.0,
                        0.0,
                        0.0,
                        1.0
                    ]
                ]
            },
            {
                "group_name": "merged_0040_0044_5frames.ply",
                "start_idx": 40,
                "end_idx": 44,
                "fuse_frame_count": 5,
                "first_pose": [
                    [
                        0.948099,
                        0.31072,
                        -0.0675396,
                        55.1082
                    ],
                    [
                        -0.314765,
                        0.947218,
                        -0.0608377,
                        39.3719
                    ],
                    [
                        0.0450713,
                        0.0789393,
                        0.99586,
                        -93.3998
                    ],
                    [
                        0.0,
                        0.0,
                        0.0,
                        1.0
                    ]
                ]
            },
            {
                "group_name": "merged_0045_0049_5frames.ply",
                "start_idx": 45,
                "end_idx": 49,
                "fuse_frame_count": 5,
                "first_pose": [
                    [
                        0.948124,
                        0.310676,
                        -0.0673939,
                        55.1412
                    ],
                    [
                        -0.314716,
                        0.947225,
                        -0.0609812,
                        39.3716
                    ],
                    [
                        0.0448918,
                        0.0790277,
                        0.995861,
                        -91.8444
                    ],
                    [
                        0.0,
                        0.0,
                        0.0,
                        1.0
                    ]
                ]
            },
            {
                "group_name": "merged_0050_0054_5frames.ply",
                "start_idx": 50,
                "end_idx": 54,
                "fuse_frame_count": 5,
                "first_pose": [
                    [
                        0.948136,
                        0.310614,
                        -0.0675031,
                        55.1821
                    ],
                    [
                        -0.314659,
                        0.94725,
                        -0.0608933,
                        39.3679
                    ],
                    [
                        0.045028,
                        0.0789756,
                        0.995859,
                        -90.6199
                    ],
                    [
                        0.0,
                        0.0,
                        0.0,
                        1.0
                    ]
                ]
            },
            {
                "group_name": "merged_0055_0059_5frames.ply",
                "start_idx": 55,
                "end_idx": 59,
                "fuse_frame_count": 5,
                "first_pose": [
                    [
                        0.948147,
                        0.310632,
                        -0.0672715,
                        55.0943
                    ],
                    [
                        -0.314666,
                        0.947236,
                        -0.0610655,
                        39.4716
                    ],
                    [
                        0.0447531,
                        0.0790671,
                        0.995864,
                        -89.4806
                    ],
                    [
                        0.0,
                        0.0,
                        0.0,
                        1.0
                    ]
                ]
            },
            {
                "group_name": "merged_0060_0064_5frames.ply",
                "start_idx": 60,
                "end_idx": 64,
                "fuse_frame_count": 5,
                "first_pose": [
                    [
                        0.948125,
                        0.310709,
                        -0.0672224,
                        54.9356
                    ],
                    [
                        -0.314739,
                        0.947213,
                        -0.0610505,
                        39.5989
                    ],
                    [
                        0.044705,
                        0.079041,
                        0.995869,
                        -88.6422
                    ],
                    [
                        0.0,
                        0.0,
                        0.0,
                        1.0
                    ]
                ]
            },
            {
                "group_name": "merged_0065_0069_5frames.ply",
                "start_idx": 65,
                "end_idx": 69,
                "fuse_frame_count": 5,
                "first_pose": [
                    [
                        0.948112,
                        0.310723,
                        -0.0673481,
                        54.7043
                    ],
                    [
                        -0.314759,
                        0.947212,
                        -0.0609611,
                        39.8849
                    ],
                    [
                        0.0448508,
                        0.0789964,
                        0.995866,
                        -87.8805
                    ],
                    [
                        0.0,
                        0.0,
                        0.0,
                        1.0
                    ]
                ]
            },
            {
                "group_name": "merged_0070_0074_5frames.ply",
                "start_idx": 70,
                "end_idx": 74,
                "fuse_frame_count": 5,
                "first_pose": [
                    [
                        0.948134,
                        0.310645,
                        -0.0673993,
                        54.3178
                    ],
                    [
                        -0.314683,
                        0.947239,
                        -0.0609278,
                        40.3267
                    ],
                    [
                        0.0449164,
                        0.0789772,
                        0.995864,
                        -87.2432
                    ],
                    [
                        0.0,
                        0.0,
                        0.0,
                        1.0
                    ]
                ]
            },
            {
                "group_name": "merged_0075_0079_5frames.ply",
                "start_idx": 75,
                "end_idx": 79,
                "fuse_frame_count": 5,
                "first_pose": [
                    [
                        0.948189,
                        0.310502,
                        -0.0672757,
                        53.6227
                    ],
                    [
                        -0.314532,
                        0.947287,
                        -0.0609674,
                        41.0155
                    ],
                    [
                        0.044799,
                        0.078969,
                        0.99587,
                        -86.9903
                    ],
                    [
                        0.0,
                        0.0,
                        0.0,
                        1.0
                    ]
                ]
            },
            {
                "group_name": "merged_0080_0084_5frames.ply",
                "start_idx": 80,
                "end_idx": 84,
                "fuse_frame_count": 5,
                "first_pose": [
                    [
                        0.948074,
                        0.310823,
                        -0.0674193,
                        52.9647
                    ],
                    [
                        -0.314869,
                        0.947168,
                        -0.0610789,
                        41.624
                    ],
                    [
                        0.0448726,
                        0.0791356,
                        0.995853,
                        -86.7796
                    ],
                    [
                        0.0,
                        0.0,
                        0.0,
                        1.0
                    ]
                ]
            },
            {
                "group_name": "merged_0085_0089_5frames.ply",
                "start_idx": 85,
                "end_idx": 89,
                "fuse_frame_count": 5,
                "first_pose": [
                    [
                        0.948174,
                        0.310557,
                        -0.0672311,
                        52.0988
                    ],
                    [
                        -0.31459,
                        0.947259,
                        -0.0611001,
                        42.4634
                    ],
                    [
                        0.0447102,
                        0.0790837,
                        0.995865,
                        -86.7154
                    ],
                    [
                        0.0,
                        0.0,
                        0.0,
                        1.0
                    ]
                ]
            },
            {
                "group_name": "merged_0090_0094_5frames.ply",
                "start_idx": 90,
                "end_idx": 94,
                "fuse_frame_count": 5,
                "first_pose": [
                    [
                        0.948127,
                        0.310705,
                        -0.0672162,
                        51.228
                    ],
                    [
                        -0.314735,
                        0.947213,
                        -0.0610652,
                        43.3035
                    ],
                    [
                        0.0446948,
                        0.0790529,
                        0.995868,
                        -86.6698
                    ],
                    [
                        0.0,
                        0.0,
                        0.0,
                        1.0
                    ]
                ]
            },
            {
                "group_name": "merged_0095_0099_5frames.ply",
                "start_idx": 95,
                "end_idx": 99,
                "fuse_frame_count": 5,
                "first_pose": [
                    [
                        0.948211,
                        0.310475,
                        -0.0670942,
                        50.5981
                    ],
                    [
                        -0.314498,
                        0.947289,
                        -0.061123,
                        43.9724
                    ],
                    [
                        0.0445805,
                        0.0790584,
                        0.995873,
                        -86.7054
                    ],
                    [
                        0.0,
                        0.0,
                        0.0,
                        1.0
                    ]
                ]
            },
            {
                "group_name": "merged_0100_0104_5frames.ply",
                "start_idx": 100,
                "end_idx": 104,
                "fuse_frame_count": 5,
                "first_pose": [
                    [
                        0.948142,
                        0.310661,
                        -0.067202,
                        50.1625
                    ],
                    [
                        -0.314686,
                        0.947234,
                        -0.0609947,
                        44.3637
                    ],
                    [
                        0.0447074,
                        0.0789793,
                        0.995873,
                        -86.6194
                    ],
                    [
                        0.0,
                        0.0,
                        0.0,
                        1.0
                    ]
                ]
            },
            {
                "group_name": "merged_0105_0109_5frames.ply",
                "start_idx": 105,
                "end_idx": 109,
                "fuse_frame_count": 5,
                "first_pose": [
                    [
                        0.948076,
                        0.310856,
                        -0.0672334,
                        49.8459
                    ],
                    [
                        -0.314881,
                        0.947173,
                        -0.0609417,
                        44.6395
                    ],
                    [
                        0.0447376,
                        0.0789479,
                        0.995875,
                        -86.5784
                    ],
                    [
                        0.0,
                        0.0,
                        0.0,
                        1.0
                    ]
                ]
            },
            {
                "group_name": "merged_0110_0114_5frames.ply",
                "start_idx": 110,
                "end_idx": 114,
                "fuse_frame_count": 5,
                "first_pose": [
                    [
                        0.948115,
                        0.310742,
                        -0.0672112,
                        49.7588
                    ],
                    [
                        -0.314766,
                        0.94721,
                        -0.0609528,
                        44.7614
                    ],
                    [
                        0.0447226,
                        0.0789461,
                        0.995875,
                        -86.5937
                    ],
                    [
                        0.0,
                        0.0,
                        0.0,
                        1.0
                    ]
                ]
            },
            {
                "group_name": "merged_0115_0119_5frames.ply",
                "start_idx": 115,
                "end_idx": 119,
                "fuse_frame_count": 5,
                "first_pose": [
                    [
                        0.94814,
                        0.310697,
                        -0.067067,
                        49.7396
                    ],
                    [
                        -0.31472,
                        0.947211,
                        -0.0611765,
                        44.849
                    ],
                    [
                        0.0445193,
                        0.0791112,
                        0.995871,
                        -86.6053
                    ],
                    [
                        0.0,
                        0.0,
                        0.0,
                        1.0
                    ]
                ]
            },
            {
                "group_name": "merged_0120_0124_5frames.ply",
                "start_idx": 120,
                "end_idx": 124,
                "fuse_frame_count": 5,
                "first_pose": [
                    [
                        0.948135,
                        0.310735,
                        -0.0669701,
                        49.9488
                    ],
                    [
                        -0.314753,
                        0.947196,
                        -0.0612481,
                        44.8912
                    ],
                    [
                        0.0444019,
                        0.0791505,
                        0.995873,
                        -86.3144
                    ],
                    [
                        0.0,
                        0.0,
                        0.0,
                        1.0
                    ]
                ]
            },
            {
                "group_name": "merged_0125_0129_5frames.ply",
                "start_idx": 125,
                "end_idx": 129,
                "fuse_frame_count": 5,
                "first_pose": [
                    [
                        0.948161,
                        0.310598,
                        -0.0672253,
                        50.4629
                    ],
                    [
                        -0.31463,
                        0.947247,
                        -0.061087,
                        44.9687
                    ],
                    [
                        0.0447055,
                        0.0790714,
                        0.995866,
                        -85.7608
                    ],
                    [
                        0.0,
                        0.0,
                        0.0,
                        1.0
                    ]
                ]
            },
            {
                "group_name": "merged_0130_0134_5frames.ply",
                "start_idx": 130,
                "end_idx": 134,
                "fuse_frame_count": 5,
                "first_pose": [
                    [
                        0.948186,
                        0.310572,
                        -0.0669935,
                        50.9702
                    ],
                    [
                        -0.314588,
                        0.947256,
                        -0.0611575,
                        45.0582
                    ],
                    [
                        0.0444662,
                        0.0790641,
                        0.995878,
                        -85.1072
                    ],
                    [
                        0.0,
                        0.0,
                        0.0,
                        1.0
                    ]
                ]
            },
            {
                "group_name": "merged_0135_0139_5frames.ply",
                "start_idx": 135,
                "end_idx": 139,
                "fuse_frame_count": 5,
                "first_pose": [
                    [
                        0.948152,
                        0.310662,
                        -0.067067,
                        51.7278
                    ],
                    [
                        -0.314695,
                        0.947206,
                        -0.0613881,
                        45.2049
                    ],
                    [
                        0.0444553,
                        0.0793109,
                        0.995858,
                        -84.1857
                    ],
                    [
                        0.0,
                        0.0,
                        0.0,
                        1.0
                    ]
                ]
            },
            {
                "group_name": "merged_0140_0144_5frames.ply",
                "start_idx": 140,
                "end_idx": 144,
                "fuse_frame_count": 5,
                "first_pose": [
                    [
                        0.948194,
                        0.310663,
                        -0.0664554,
                        52.366
                    ],
                    [
                        -0.314675,
                        0.947171,
                        -0.0620197,
                        45.3694
                    ],
                    [
                        0.0436775,
                        0.0797186,
                        0.99586,
                        -83.263
                    ],
                    [
                        0.0,
                        0.0,
                        0.0,
                        1.0
                    ]
                ]
            },
            {
                "group_name": "merged_0145_0149_5frames.ply",
                "start_idx": 145,
                "end_idx": 149,
                "fuse_frame_count": 5,
                "first_pose": [
                    [
                        0.94824,
                        0.310552,
                        -0.0663228,
                        53.0345
                    ],
                    [
                        -0.314582,
                        0.947159,
                        -0.0626836,
                        45.546
                    ],
                    [
                        0.0433517,
                        0.0803031,
                        0.995828,
                        -82.348
                    ],
                    [
                        0.0,
                        0.0,
                        0.0,
                        1.0
                    ]
                ]
            },
            {
                "group_name": "merged_0150_0154_5frames.ply",
                "start_idx": 150,
                "end_idx": 154,
                "fuse_frame_count": 5,
                "first_pose": [
                    [
                        0.94822,
                        0.310788,
                        -0.0654972,
                        53.6681
                    ],
                    [
                        -0.314811,
                        0.946989,
                        -0.0640809,
                        45.747
                    ],
                    [
                        0.0421095,
                        0.0813821,
                        0.995793,
                        -81.2348
                    ],
                    [
                        0.0,
                        0.0,
                        0.0,
                        1.0
                    ]
                ]
            },
            {
                "group_name": "merged_0155_0159_5frames.ply",
                "start_idx": 155,
                "end_idx": 159,
                "fuse_frame_count": 5,
                "first_pose": [
                    [
                        0.948331,
                        0.310635,
                        -0.0646065,
                        54.2997
                    ],
                    [
                        -0.314665,
                        0.946905,
                        -0.0660062,
                        46.0283
                    ],
                    [
                        0.0406724,
                        0.0829251,
                        0.995726,
                        -80.0936
                    ],
                    [
                        0.0,
                        0.0,
                        0.0,
                        1.0
                    ]
                ]
            },
            {
                "group_name": "merged_0160_0164_5frames.ply",
                "start_idx": 160,
                "end_idx": 164,
                "fuse_frame_count": 5,
                "first_pose": [
                    [
                        0.948477,
                        0.310429,
                        -0.063442,
                        54.7192
                    ],
                    [
                        -0.314456,
                        0.946805,
                        -0.0683954,
                        46.3505
                    ],
                    [
                        0.0388353,
                        0.0848212,
                        0.995639,
                        -79.1291
                    ],
                    [
                        0.0,
                        0.0,
                        0.0,
                        1.0
                    ]
                ]
            },
            {
                "group_name": "merged_0165_0169_5frames.ply",
                "start_idx": 165,
                "end_idx": 169,
                "fuse_frame_count": 5,
                "first_pose": [
                    [
                        0.948581,
                        0.310434,
                        -0.0618552,
                        55.0569
                    ],
                    [
                        -0.314427,
                        0.946617,
                        -0.0710838,
                        46.6372
                    ],
                    [
                        0.0364864,
                        0.0868776,
                        0.995551,
                        -78.1391
                    ],
                    [
                        0.0,
                        0.0,
                        0.0,
                        1.0
                    ]
                ]
            },
            {
                "group_name": "merged_0170_0174_5frames.ply",
                "start_idx": 170,
                "end_idx": 174,
                "fuse_frame_count": 5,
                "first_pose": [
                    [
                        0.948707,
                        0.310416,
                        -0.0599819,
                        55.271
                    ],
                    [
                        -0.314372,
                        0.946352,
                        -0.074751,
                        47.0172
                    ],
                    [
                        0.0335602,
                        0.0897734,
                        0.995397,
                        -77.1711
                    ],
                    [
                        0.0,
                        0.0,
                        0.0,
                        1.0
                    ]
                ]
            },
            {
                "group_name": "merged_0175_0179_5frames.ply",
                "start_idx": 175,
                "end_idx": 179,
                "fuse_frame_count": 5,
                "first_pose": [
                    [
                        0.948913,
                        0.310146,
                        -0.0580894,
                        55.4267
                    ],
                    [
                        -0.314048,
                        0.946164,
                        -0.0784155,
                        47.404
                    ],
                    [
                        0.0306418,
                        0.0926523,
                        0.995227,
                        -76.2924
                    ],
                    [
                        0.0,
                        0.0,
                        0.0,
                        1.0
                    ]
                ]
            },
            {
                "group_name": "merged_0180_0184_5frames.ply",
                "start_idx": 180,
                "end_idx": 184,
                "fuse_frame_count": 5,
                "first_pose": [
                    [
                        0.94911,
                        0.310011,
                        -0.0555261,
                        55.414
                    ],
                    [
                        -0.313804,
                        0.94585,
                        -0.083039,
                        47.8299
                    ],
                    [
                        0.0267764,
                        0.0962375,
                        0.994998,
                        -75.4004
                    ],
                    [
                        0.0,
                        0.0,
                        0.0,
                        1.0
                    ]
                ]
            },
            {
                "group_name": "merged_0185_0189_5frames.ply",
                "start_idx": 185,
                "end_idx": 189,
                "fuse_frame_count": 5,
                "first_pose": [
                    [
                        0.949253,
                        0.309966,
                        -0.0532868,
                        55.2866
                    ],
                    [
                        -0.313655,
                        0.945484,
                        -0.087637,
                        48.2423
                    ],
                    [
                        0.0232173,
                        0.0999034,
                        0.994726,
                        -74.6721
                    ],
                    [
                        0.0,
                        0.0,
                        0.0,
                        1.0
                    ]
                ]
            },
            {
                "group_name": "merged_0190_0194_5frames.ply",
                "start_idx": 190,
                "end_idx": 194,
                "fuse_frame_count": 5,
                "first_pose": [
                    [
                        0.949422,
                        0.309883,
                        -0.0507018,
                        55.0617
                    ],
                    [
                        -0.313414,
                        0.945097,
                        -0.0925422,
                        48.6395
                    ],
                    [
                        0.0192409,
                        0.103752,
                        0.994417,
                        -73.9927
                    ],
                    [
                        0.0,
                        0.0,
                        0.0,
                        1.0
                    ]
                ]
            },
            {
                "group_name": "merged_0195_0199_5frames.ply",
                "start_idx": 195,
                "end_idx": 199,
                "fuse_frame_count": 5,
                "first_pose": [
                    [
                        0.949626,
                        0.309677,
                        -0.0480733,
                        54.8297
                    ],
                    [
                        -0.313023,
                        0.944682,
                        -0.0979445,
                        49.1108
                    ],
                    [
                        0.0150828,
                        0.108059,
                        0.99403,
                        -73.2442
                    ],
                    [
                        0.0,
                        0.0,
                        0.0,
                        1.0
                    ]
                ]
            },
            {
                "group_name": "merged_0200_0204_5frames.ply",
                "start_idx": 200,
                "end_idx": 204,
                "fuse_frame_count": 5,
                "first_pose": [
                    [
                        0.949809,
                        0.309594,
                        -0.0448918,
                        54.4342
                    ],
                    [
                        -0.312663,
                        0.944189,
                        -0.103679,
                        49.5564
                    ],
                    [
                        0.0102879,
                        0.112511,
                        0.993597,
                        -72.6541
                    ],
                    [
                        0.0,
                        0.0,
                        0.0,
                        1.0
                    ]
                ]
            },
            {
                "group_name": "merged_0205_0209_5frames.ply",
                "start_idx": 205,
                "end_idx": 209,
                "fuse_frame_count": 5,
                "first_pose": [
                    [
                        0.949979,
                        0.309397,
                        -0.042596,
                        54.1105
                    ],
                    [
                        -0.312244,
                        0.943795,
                        -0.108415,
                        49.9524
                    ],
                    [
                        0.00665857,
                        0.116293,
                        0.993193,
                        -72.2248
                    ],
                    [
                        0.0,
                        0.0,
                        0.0,
                        1.0
                    ]
                ]
            },
            {
                "group_name": "merged_0210_0214_5frames.ply",
                "start_idx": 210,
                "end_idx": 214,
